[10, 21654]
[21491, 7, 166]
[20566, 7, 1027, 64]
[20550, 4, 10, 1037, 63]
[17312, 4, 9, 762, 61, 3516]
[17318, 4, 60, 761, 3508, 10, 3]
[17004, 3, 10, 166, 3629, 54, 2, 796]
[3630, 2, 54, 17003, 3, 165, 10, 2, 795]
[12941, 3, 54, 766, 2, 10, 2752, 164, 2, 4970]
[13004, 2, 47, 164, 764, 6, 2, 4931, 12, 2729, 3]
[12578, 2, 279, 8, 44, 2755, 3, 2, 108, 5236, 637, 12]
[2716, 3, 12937, 12, 1, 235, 2, 8, 104, 44, 666, 4935, 1]
[12893, 2, 44, 279, 4, 2717, 1, 3, 108, 634, 4962, 5, 1, 11]
[2095, 1, 12, 108, 11620, 3, 606, 44, 3, 2, 272, 1761, 5, 1, 5131]
[4984, 3, 97, 1, 415, 6, 44, 497, 2, 2052, 2025, 1, 3, 11352, 11, 171]
[11363, 3, 23, 414, 1, 2016, 3, 171, 2, 2052, 98, 10, 1, 4983, 492, 27, 5]
[4955, 2, 36, 4, 207, 2005, 1, 9, 3, 429, 11332, 23, 1, 493, 93, 5, 23, 2043]
[1995, 1, 4968, 23, 2, 81, 442, 5, 2, 2050, 10, 1, 84, 3, 11338, 27, 409, 222, 1]
